>canParM
1 2 3 4 5 6 7 8 9 10 11 12 13 14 15 16 17 18 19 20 21 22 23 24 25 $
>canOrLM
1 2 3 4 5 6 7 8 9 10 11 12 13 14 15 16 17 18 19 20 21 22 23 24 25 $
>canOrtM
1 2 3 4 5 6 7 8 9 10 11 12 13 14 15 16 17 18 19 20 21 22 23 24 25 @
>canJiuM
1 2 3 4 5 -13 -12 -11 -10 -9 -8 -25 -24 -23 -22 -21 -20 -19 -18 -17 -16 -15 -14 6 7 @
>lodEloM
1 2 3 4 -15 -14 6 7 -5 21 -20 -19 -22 -25 -23 -18 -17 -16 -24 -8 -13 -12 -11 -10 -9 @
>canMalM
1 2 -17 -19 -20 -13 -12 -11 21 -5 22 9 10 -4 -3 -15 -18 -25 -24 -23 -14 6 7 -16 -8 @
>canMalM
1 2 -17 -19 -20 -13 -12 -11 21 -5 22 16 9 10 -4 -3 -15 -18 -25 -24 -23 -14 6 7 -8 @
>canTroM
1 2 -13 -12 -11 -21 9 22 23 24 25 -10 -19 -18 -17 -16 3 4 -20 -15 -14 6 7 8 5 @
>canSojM
-20 -15 -14 7 -6 10 -5 11 12 13 -2 -1 9 -4 -3 16 17 18 19 22 23 24 25 21 -8 @
>canSojM
1 2 -13 -12 -11 5 -10 6 -20 -15 -14 7 9 -4 -3 16 17 18 19 22 23 24 25 21 -8 @
>canVisM
1 2 -13 -12 -11 5 -8 -19 -18 -17 -16 3 4 -20 -15 -14 6 7 10 -25 -24 -23 -22 -9 21 @
>canVisM
1 2 -13 -12 -11 5 -8 -19 -18 -17 -16 3 4 -20 -15 -14 6 7 -10 -25 -24 -23 -22 -9 21 @
>canNerM
1 2 -13 -12 -11 5 -8 -19 -18 -17 -16 3 4 -20 -15 -14 6 7 -10 -25 -24 -23 -22 -9 21 @
>canFriM
-19 -18 -17 -16 3 4 -20 -15 -14 6 7 $ -10 -25 -24 -23 -22 -9 21 1 2 -13 -12 -11 5 -8 $
>canAlbM
1 2 -18 -17 -16 -8 22 23 24 25 12 13 -15 -14 6 7 -19 20 -10 -9 3 4 -21 -11 5 @
>canAlbM
1 2 -18 -17 -16 -8 22 23 24 25 12 13 -20 19 -15 -14 6 7 -10 -9 3 4 -21 -11 5 @
>debHanM
1 -15 -14 6 7 -11 -10 -9 -8 -13 20 22 23 24 25 21 2 3 4 -12 -19 -18 -17 -16 5 @
>canSubM
5 -13 -12 -11 -10 -9 -15 -14 6 7 21 -4 8 16 17 18 19 -3 -2 -1 20 22 23 24 25 $
>picFarM
1 -25 -24 -23 -22 -20 -13 -15 -14 6 7 -8 -21 -19 -18 -17 -16 5 2 3 4 -12 -11 -10 -9 @
>canAlaM
1 2 3 4 -21 10 11 12 13 5 -15 -14 6 -9 7 16 17 18 19 8 -25 -24 -23 -22 -20 @
>canAlaM
1 2 3 4 -21 10 11 12 13 24 25 5 -15 -14 6 -9 7 16 17 18 19 8 -23 -22 -20 @
>lodEloM
1 2 3 4 -15 -14 6 7 -5 8 24 16 17 18 23 25 22 19 20 -21 -13 -12 -11 -10 -9 @
>canMalM
1 2 -17 -19 -20 -13 -12 -11 21 -5 22 -7 -6 14 23 24 25 18 15 3 4 -10 -9 -16 -8 @
>canMalM
1 2 -17 -19 -20 -13 -12 -11 21 -5 22 16 -7 -6 14 23 24 25 18 15 3 4 -10 -9 -8 @
>canSojM
-7 14 15 20 -6 10 -5 11 12 13 -2 -1 9 -4 -3 16 17 18 19 22 23 24 25 21 -8 @
>canSojM
1 2 -13 -12 -11 5 -10 6 -7 14 15 20 9 -4 -3 16 17 18 19 22 23 24 25 21 -8 @
>canNerM
1 2 -13 -12 -11 5 -8 -7 -6 14 15 20 -4 -3 16 17 18 19 -10 -25 -24 -23 -22 -9 21 @
>canAlbM
1 2 -18 -17 -16 -8 22 23 24 25 12 13 -7 -6 14 15 -19 20 -10 -9 3 4 -21 -11 5 @
>canAlbM
1 2 -18 -17 -16 -8 22 23 24 25 12 13 -20 19 -7 -6 14 15 -10 -9 3 4 -21 -11 5 @
>canAlaM
1 2 3 4 -21 10 11 12 13 -8 -19 -18 -17 -16 -7 9 -6 14 15 -5 -25 -24 -23 -22 -20 @
>canAlaM
1 2 3 4 -21 10 11 12 13 24 25 -8 -19 -18 -17 -16 -7 9 -6 14 15 -5 -23 -22 -20 @
