>Trachelium
1 2 3 4 5 6 7 8 9 -29 -28 -27 -26 -23 -22 -21 17 18 -15 -14 -13 -12 -19 20 -16 -11 -10 -33 -32 -31 30 34 -25 -24 -36 -35 @ 
>Campanula
1 2 3 4 5 6 7 8 9 -29 -28 -27 -26 -23 -22 -21 -17 18 -15 -14 -13 -12 -19 20 -16 -11 -10 -33 -32 -31 30 34 -25 -24 -36 -35 @ 
>Adenophora
1 2 3 4 5 6 7 8 9 -29 -28 -27 -26 -23 -22 -21 -17 13 14 15 18 12 -19 20 -16 -11 -10 -33 -32 -31 30 34 -25 -24 -36 -35 @ 
>Symphyandra
1 2 3 4 5 6 7 8 9 -29 -28 -27 -26 -17 21 22 23 18 -15 -14 -13 -12 -19 20 -16 -11 -10 -33 -32 -31 30 34 -25 -24 -36 -35 @ 
>Legousia
1 2 6 7 8 9 -29 -28 -27 -26 -12 -19 20 -16 -15 -11 -10 -33 -32 -31 30 34 3 4 5 -25 -24 -23 -36 13 14 -18 -17 21 22 -35 @ 
>Asyneuma
1 2 3 4 5 6 7 8 9 -29 -26 -25 -24 -23 -28 -27 -12 -19 20 -16 -15 -11 -10 -32 -31 30 33 34 -36 13 14 -18 -17 21 22 -35 @ 
>Triodanus
1 2 3 4 5 6 7 8 9 -29 -28 -27 -26 -12 -19 20 -16 -15 -11 -10 -32 -31 30 33 34 -25 -24 -23 -36 13 14 -18 -17 21 22 -35 @ 
>Wahlenbergia
1 2 3 4 5 6 7 8 -28 -27 -26 -23 -22 -21 17 18 -15 -14 -13 9 -29 -12 -19 20 -16 24 -11 -10 -33 -32 -31 30 34 -25 -36 -35 @ 
>Merciera
1 2 3 4 5 6 7 21 22 23 13 14 15 -18 -17 -28 -27 -26 8 9 -29 -12 -19 20 -16 24 -11 -10 -33 -32 30 31 34 -25 -36 -35 @